Title: Income Tax Act – Workgroup Cross-Reference Chart
Source: https://www.canada.ca/en/revenue-agency/services/forms-publications/publications/itnews-29/archived-income-tax-act-workgroup-cross-reference-chart-8.html
Corpus path: corpus/cra/tax/technical-information/income-tax/current-publications/technical-news/publications/itnews-29/archived-income-tax-act-workgroup-cross-reference-chart-8.md
Document type: technical_publication
Last modified: 2019-10-08

# Income Tax Act – Workgroup Cross-Reference Chart

## We have archived this page and will not be updating it.

You can use it for research or reference.

## We have archived this page and will not be updating it.

You can use it for research or reference.

[What the "Archived Content" notice means for income tax technical news](https://www.canada.ca/en/revenue-agency/services/tax/technical-information/income-tax/what-archived-content-notice-means-income-tax-technical-news.html)

This document is also available [in other formats](https://www.canada.ca/en/revenue-agency/services/forms-publications/publications/itnews-29.html).

## Table 9

| *Income Tax Act* Reference | English Workgroup Number | Bilingual Workgroup Number |

| --- | --- | --- |

| 80 | 42 | 44 |

| 80(1) | 42 | 44 |

| 80(2) | 42 | 44 |

| 80(3) | 42 | 44 |

| 80(4) | 42 | 44 |

| 80(5) | 42 | 44 |

| 80(6) | 42 | 44 |

| 80(7) | 42 | 44 |

| 80(8) | 13 | 14 |

| 80(9) | 42 | 44 |

| 80(10) | 42 | 44 |

| 80(11) | 42 | 44 |

| 80(12) | 42 | 44 |

| 80(13) | 42 | 44 |

| 80(14) | 42 | 44 |

| 80(14.1) | 42 | 44 |

| 80(15) | 23 | 22 |

| 80(16) | 42 | 44 |

| 80(18) | 23 | 22 |

| 80.01 | 42 | 44 |

| 80.01(1) | 42 | 44 |

| 80.01(2) | 42 | 44 |

| 80.01(3) | 42 | 44 |

| 80.01(4) | 42 | 44 |

| 80.01(5) | 42 | 44 |

| 80.01(6) | 42 | 44 |

| 80.01(7) | 42 | 44 |

| 80.01(8) | 42 | 44 |

| 80.01(9) | 42 | 44 |

| 80.01(10) | 42 | 44 |

| 80.01(11) | 31 | 32 |

| 80.02 | 42 | 44 |

| 80.02(1) | 42 | 44 |

| 80.02(2) | 42 | 44 |

| 80.02(3) | 42 | 44 |

| 80.02(4) | 42 | 44 |

| 80.02(5) | 42 | 44 |

| 80.02(6) | 42 | 44 |

| 80.02(7) | 42 | 44 |

| 80.03 | 42 | 44 |

| 80.03(1) | 42 | 44 |

| 80.03(2) | 42 | 44 |

| 80.03(3) | 42 | 44 |

| 80.03(7) | 42 | 44 |

| 80.03(8) | 42 | 44 |

| 80.04 | 42 | 44 |

| 80.04(1) | 42 | 44 |

| 80.04(2) | 42 | 44 |

| 80.04(3) | 42 | 44 |

| 80.04(4) | 42 | 44 |

| 80.04(5) | 42 | 44 |

| 80.04(5.1) | 42 | 44 |

| 80.04(6) | 42 | 44 |

| 80.04(7) | 42 | 44 |

| 80.04(8) | 42 | 44 |

| 80.04(9) | 42 | 44 |

| 80.04(10) | 42 | 44 |

| 80.04(11) | 42 | 44 |

| 80.04(12) | 42 | 44 |

| 80.04(13) | 42 | 44 |

| 80.04(14) | 42 | 44 |

| 80.1(1) | 33 | 32 |

| 80.1(2) | 33 | 32 |

| 80.1(3) | 33 | 32 |

| 80.1(4) | 33 | 32 |

| 80.1(5) | 33 | 32 |

| 80.1(6) | 33 | 32 |

| 80.1(7) | 33 | 32 |

| 80.1(8) | 33 | 32 |

| 80.1(9) | 33 | 32 |

| 80.2 | 33 | 32 |

| 80.3 | 25 | 22 |

| 80.3(1) | 25 | 22 |

| 80.3(2) | 25 | 22 |

| 80.3(3) | 25 | 22 |

| 80.3(4) | 25 | 22 |

| 80.3(5) | 25 | 22 |

| 80.3(6) | 25 | 22 |

| 80.4(1) | 25 | 22 |

| 80.4(1.1) | 25 | 22 |

| 80.4(2) | 25 | 22 |

| 80.4(3) | 25 | 22 |

| 80.4(4) | 25 | 22 |

| 80.4(5) | 25 | 22 |

| 80.4(6) | 25 | 22 |

| 80.4(7) | 25 | 22 |

| 80.4(8) | 25 | 22 |

| 80.5 | 25 | 22 |

| 81(1)(a) | 33 | 32 |

| 81(1)(b) | 24 | 22 |

| 81(1)© | 33 | 32 |

| 81(1)(d) | 43 | 44 |

| 81(1)(e) | 33 | 32 |

| 81(1)(f) | 24 | 22 |

| 81(1)(g) | 33 | 32 |

| 81(1)(g.1) | 23 | 22 |

| 81(1)(g.2) | 23 | 22 |

| 81(1)(g.3) | 25 | 22 |

| 81(1)(h) | 25 | 22 |

| 81(1)(i) | 24 | 22 |

| 81(1)(k) | 43 | 44 |

| 81(1)(l) | 13 | 14 |

| 81(1)(m) | 42 | 44 |

| 81(1)(n) | 24 | 22 |

| 81(1)(o) | 43 | 44 |

| 81(1)(p) | 43 | 44 |

| 81(1)(q) | 24 | 22 |

| 81(1)(r) | 43 | 44 |

| 81(2) | 23 | 22 |

| 81(3) | 23 | 22 |

| 81(3.1) | 25 | 22 |

| 81(4) | 25 | 22 |

| 81(5) | 25 | 22 |

| 82(1) | 15 | 14 |

| 82(1.1) | 15 | 14 |

| 82(2) | 15 | 14 |

| 82(3) | 25 | 22 |

| 83(1) | 12 | 14 |

| 83(2) | 12 | 14 |

| 83(2.1) | 12 | 14 |

| 83(2.2) | 12 | 14 |

| 83(2.3) | 12 | 14 |

| 83(2.4) | 12 | 14 |

| 83(3) | 12 | 14 |

| 83(3.1) | 12 | 14 |

| 83(4) | 12 | 14 |

| 83(5) | 12 | 14 |

| 83(6) | 12 | 14 |

| 83(7) | 12 | 14 |

| 84(1) | 12 | 14 |

| 84(2) | 12 | 14 |

| 84(3) | 12 | 14 |

| 84(4) | 12 | 14 |

| 84(4.1) | 12 | 14 |

| 84(4.2) | 12 | 14 |

| 84(4.3) | 42 | 44 |

| 84(5) | 12 | 14 |

| 84(6) | 12 | 14 |

| 84(7) | 12 | 14 |

| 84(8) | 12 | 14 |

| 84(9) | 12 | 14 |

| 84(10) | 12 | 14 |

| 84(11) | 12 | 14 |

| 84.1(1) | 12 | 14 |

| 84.1(2) | 12 | 14 |

| 84.1(2.01) | 12 | 14 |

| 84.1(2.1) | 12 | 14 |

| 84.1(2.2) | 12 | 14 |

| 84.1(3) | 12 | 14 |

| 84.2(1) | 12 | 14 |

| 84.2(2) | 12 | 14 |

| 84.2(3) | 12 | 14 |

| 85(1) | 12 | 14 |

| 85(1.1) | 12 | 14 |

| 85(1.2) | 12 | 14 |

| 85(1.3) | 12 | 14 |

| 85(1.4) | 12 | 14 |

| 85(2) | 23 | 22 |

| 85(2.1) | 12 | 14 |

| 85(3) | 23 | 22 |

| 85(5) | 12 | 14 |

| 85(6) | 12 | 14 |

| 85(7) | 12 | 14 |

| 85(7.1) | 12 | 14 |

| 85(8) | 12 | 14 |

| 85(9) | 12 | 14 |

| 85.1(1) | 12 | 14 |

| 85.1(2) | 12 | 14 |

| 85.1(2.1) | 12 | 14 |

| 85.1(3) | 33 | 32 |

| 85.1(4) | 33 | 32 |

| 85.1(5) | 33 | 32 |

| 85.1(6) | 33 | 32 |

| 86(1) | 12 | 14 |

| 86(2) | 12 | 14 |

| 86(2.1) | 12 | 14 |

| 86(3) | 12 | 14 |

| 86(4) | 12 | 14 |

| 86.1 | 31 | 32 |

| 86.1(1) | 31 | 32 |

| 86.1(2) | 31 | 32 |

| 86.1(3) | 31 | 32 |

| 86.1(4) | 31 | 32 |

| 86.1(5) | 31 | 32 |

| 87(1) | 12 | 14 |

| 87(1.1) | 12 | 14 |

| 87(1.2) | 12 | 14 |

| 87(1.4) | 12 | 14 |

| 87(1.5) | 41 | 44 |

| 87(2) | 12 | 14 |

| 87(2)(a) | 12 | 14 |

| 87(2)(b) | 12 | 14 |

| 87(2)(c) | 12 | 14 |

| 87(2)(d) | 12 | 14 |

| 87(2)(d.1) | 12 | 14 |

| 87(2)(e) | 12 | 14 |

| 87(2)(e.1) | 12 | 14 |

| 87(2)(e.2) | 41 | 44 |

| 87(2)(e.3) | 41 | 44 |

| 87(2)(e.4) | 41 | 44 |

| 87(2)(e.5) | 41 | 44 |

| 87(2)(f) | 12 | 14 |

| 87(2)(g) | 12 | 14 |

| 87(2)(g.1) | 41 | 44 |

| 87(2)(g.2) | 41 | 44 |

| 87(2)(g.3) | 12 | 14 |

| 87(2)(g.4) | 12 | 14 |

| 87(2)(h) | 41 | 44 |

| 87(2)(h.1) | 42 | 44 |

| 87(2)(i) | 12 | 14 |

| 87(2)(j) | 12 | 14 |

| 87(2)(j.1) | 12 | 14 |

| 87(2)(j.2) | 12 | 14 |

| 87(2)(j.3) | 43 | 44 |

| 87(2)(j.4) | 41 | 44 |

| 87(2)(j.5) | 12 | 14 |

| 87(2)(j.6) | 12 | 14 |

| 87(2)(j.7) | 12 | 14 |

| 87(2)(j.8) | 41 | 44 |

| 87(2)(j.9) | 41 | 44 |

| 87(2)(j.91) | 41 | 44 |

| 87(2)(j.92) | 12 | 14 |

| 87(2)(j.93) | 13 | 14 |

| 87(2)(j.94) | 24 | 22 |

| 87(2)(j.95) | 33 | 32 |

| 87(2)(k) | 12 | 14 |

| 87(2)(l) | 23 | 32 |

| 87(2)(l.1) | 12 | 14 |

| 87(2)(l.2) | 12 | 14 |

| 87(2)(1.21) | 42 | 44 |

| 87(2)(l.3) | 12 | 14 |

| 87(2)(m) | 12 | 14 |

| 87(2)(m.1) | 41 | 44 |

| 87(2)(n) | 12 | 14 |

| 87(2)(o) | 12 | 14 |

| 87(2)(p) | 31 | 22 |

| 87(2)(q) | 43 | 44 |

| 87(2)(t) | 12 | 14 |

| 87(2)(u) | 33 | 32 |

| 87(2)(v) | 41 | 44 |

| 87(2)(x) | 12 | 14 |

| 87(2)(y) | 12 | 14 |

| 87(2)(z) | 33 | 32 |

| 87(2)(z.1) | 12 | 14 |

| 87(2)(z.2) | 12 | 14 |

| 87(2)(aa) | 12 | 14 |

| 87(2)(bb) | 41 | 44 |

| 87(2)(bb.1) | 41 | 44 |

| 87(2)(cc) | 33 | 32 |

| 87(2)(ii) | 12 | 14 |

| 87(2)(jj) | 12 | 14 |

| 87(2)(kk) | 12 | 14 |

| 87(2)(ll) | 12 | 14 |

| 87(2)(mm) | 12 | 14 |

| 87(2)(nn) | 12 | 14 |

| 87(2)(oo) | 23 | 22 |

| 87(2)oo.1) | 23 | 22 |

| 87(2)(pp) | 13 | 14 |

| 87(2)(qq) | 12 | 14 |

| 87(2)(rr) | 12 | 14 |

| 87(2)(ss) | 12 | 14 |

| 87(2)(tt) | 12 | 14 |

| 87(2)(uu) | 12 | 14 |

| 87(2.01) | 23 | 22 |

| 87(2.1) | 12 | 14 |

| 87(2.11) | 12 | 14 |

| 87(2.2) | 41 | 44 |

| 87(3) | 12 | 14 |

| 87(3.1) | 12 | 14 |

| 87(4) | 12 | 14 |

| 87(4.1) | 12 | 14 |

| 87(4.2) | 12 | 14 |

| 87(4.3) | 12 | 14 |

| 87(4.4) | 13 | 14 |

| 87(5) | 12 | 14 |

| 87(5.1) | 12 | 14 |

| 87(6) | 12 | 14 |

| 87(6.1) | 12 | 14 |

| 87(7) | 12 | 14 |

| 87(8) | 33 | 32 |

| 87(8.1) | 33 | 32 |

| 87(9) | 12 | 14 |

| 87(10) | 12 | 14 |

| 87(11) | 12 | 14 |

| 88(1) | 15 | 14 |

| 88(1.1) | 15 | 14 |

| 88(1.2) | 15 | 14 |

| 88(1.3) | 15 | 14 |

| 88(1.4) | 23 | 22 |

| 88(1.41) | 23 | 22 |

| 88(1.5) | 15 | 14 |

| 88(1.6) | 15 | 14 |

| 88(1.7) | 12 | 14 |

| 88(2) | 15 | 14 |

| 88(2.1) | 15 | 14 |

| 88(2.2) | 15 | 14 |

| 88(2.3) | 15 | 14 |

| 88(3) | 33 | 32 |

| 88(4) | 15 | 14 |

| 89 | 15 | 14 |

| 89(1) | 15 | 14 |

| 89(1.01) | 41 | 44 |

| 89(1.1) | 15 | 14 |

| 89(1.2) | 15 | 14 |

| 89(2) | 41 | 44 |

| 89(3) | 15 | 14 |

[ [Income Tax  Technical News No. 29](https://www.canada.ca/en/revenue-agency/services/forms-publications/publications/itnews-29/archived-income-tax-technical-news-no-29.html) ] [ [Table of Contents](https://www.canada.ca/en/revenue-agency/services/forms-publications/publications/itnews-29/archived-income-tax-act-workgroup-cross-reference-chart-26.html) ] [ [Next](https://www.canada.ca/en/revenue-agency/services/forms-publications/publications/itnews-29/archived-income-tax-act-workgroup-cross-reference-chart-9.html) ]
